0 0.669434 0.480854 0.186523 0.301915
0 0.191406 0.598675 0.175781 0.234168
0 0.146484 0.248895 0.160156 0.232695
0 0.382324 0.265096 0.118164 0.179676
0 0.289551 0.201767 0.120117 0.235641
0 0.478027 0.756259 0.176758 0.248895
0 0.808105 0.706186 0.165039 0.201767
0 0.802734 0.857143 0.193359 0.197349
0 0.840820 0.268041 0.205078 0.368189
0 0.640625 0.136230 0.175781 0.254786
0 0.177246 0.790869 0.186523 0.173785
0 0.423828 0.112666 0.193359 0.222386
0 0.071777 0.407216 0.141602 0.278351
0 0.331055 0.735641 0.160156 0.248895
0 0.786133 0.933726 0.232422 0.132548
0 0.890137 0.529455 0.188477 0.275405
0 0.800781 0.094993 0.220703 0.187040
